6.081640625000000000e+01
1.250078125000000000e+02
6.081640625000000000e+01
1.453515625000000000e+02
6.402734375000000000e+01
1.613359375000000000e+02
6.937890625000000000e+01
1.816796875000000000e+02
7.794140625000000000e+01
1.976640625000000000e+02
8.864453125000000000e+01
2.092890625000000000e+02
1.004179687500000000e+02
2.194609375000000000e+02
1.154023437500000000e+02
2.223671875000000000e+02
1.303867187500000000e+02
2.223671875000000000e+02
1.464414062500000000e+02
2.223671875000000000e+02
1.603554687500000000e+02
2.180078125000000000e+02
1.721289062500000000e+02
2.063828125000000000e+02
1.817617187500000000e+02
1.933046875000000000e+02
1.892539062500000000e+02
1.758671875000000000e+02
1.892539062500000000e+02
1.555234375000000000e+02
1.892539062500000000e+02
1.380859375000000000e+02
1.892539062500000000e+02
1.177421875000000000e+02
7.044921875000000000e+01
1.119296875000000000e+02
8.008203125000000000e+01
1.046640625000000000e+02
9.239062500000000000e+01
1.024843750000000000e+02
1.046992187500000000e+02
1.024843750000000000e+02
1.154023437500000000e+02
1.046640625000000000e+02
1.426953125000000000e+02
1.017578125000000000e+02
1.528632812500000000e+02
9.957812500000000000e+01
1.646367187500000000e+02
9.885156250000000000e+01
1.742695312500000000e+02
1.003046875000000000e+02
1.849726562500000000e+02
1.075703125000000000e+02
1.282460937500000000e+02
1.206484375000000000e+02
1.293164062500000000e+02
1.337265625000000000e+02
1.293164062500000000e+02
1.468046875000000000e+02
1.303867187500000000e+02
1.598828125000000000e+02
1.154023437500000000e+02
1.686015625000000000e+02
1.228945312500000000e+02
1.700546875000000000e+02
1.293164062500000000e+02
1.715078125000000000e+02
1.368085937500000000e+02
1.700546875000000000e+02
1.443007812500000000e+02
1.686015625000000000e+02
8.329296875000000000e+01
1.235546875000000000e+02
8.971484375000000000e+01
1.177421875000000000e+02
1.046992187500000000e+02
1.191953125000000000e+02
1.100507812500000000e+02
1.250078125000000000e+02
1.046992187500000000e+02
1.279140625000000000e+02
8.971484375000000000e+01
1.264609375000000000e+02
1.453710937500000000e+02
1.221015625000000000e+02
1.517929687500000000e+02
1.148359375000000000e+02
1.657070312500000000e+02
1.133828125000000000e+02
1.721289062500000000e+02
1.191953125000000000e+02
1.657070312500000000e+02
1.235546875000000000e+02
1.517929687500000000e+02
1.250078125000000000e+02
1.036289062500000000e+02
1.845859375000000000e+02
1.143320312500000000e+02
1.860390625000000000e+02
1.261054687500000000e+02
1.831328125000000000e+02
1.293164062500000000e+02
1.831328125000000000e+02
1.346679687500000000e+02
1.831328125000000000e+02
1.443007812500000000e+02
1.845859375000000000e+02
1.550039062500000000e+02
1.831328125000000000e+02
1.475117187500000000e+02
1.918515625000000000e+02
1.389492187500000000e+02
1.962109375000000000e+02
1.303867187500000000e+02
1.962109375000000000e+02
1.207539062500000000e+02
1.962109375000000000e+02
1.111210937500000000e+02
1.918515625000000000e+02
1.046992187500000000e+02
1.845859375000000000e+02
1.175429687500000000e+02
1.889453125000000000e+02
1.303867187500000000e+02
1.889453125000000000e+02
1.421601562500000000e+02
1.874921875000000000e+02
1.539335937500000000e+02
1.845859375000000000e+02
1.421601562500000000e+02
1.874921875000000000e+02
1.303867187500000000e+02
1.889453125000000000e+02
1.164726562500000000e+02
1.889453125000000000e+02
