6.588671875000000000e+01
1.152109375000000000e+02
6.588671875000000000e+01
1.337734375000000000e+02
6.481640625000000000e+01
1.554296875000000000e+02
6.588671875000000000e+01
1.770859375000000000e+02
7.123828125000000000e+01
1.956484375000000000e+02
8.194140625000000000e+01
2.095703125000000000e+02
9.371484375000000000e+01
2.219453125000000000e+02
1.076289062500000000e+02
2.281328125000000000e+02
1.226132812500000000e+02
2.281328125000000000e+02
1.386679687500000000e+02
2.281328125000000000e+02
1.525820312500000000e+02
2.250390625000000000e+02
1.654257812500000000e+02
2.157578125000000000e+02
1.761289062500000000e+02
2.049296875000000000e+02
1.846914062500000000e+02
1.894609375000000000e+02
1.911132812500000000e+02
1.708984375000000000e+02
1.932539062500000000e+02
1.507890625000000000e+02
1.943242187500000000e+02
1.275859375000000000e+02
7.444921875000000000e+01
1.059296875000000000e+02
8.408203125000000000e+01
9.974218750000000000e+01
9.478515625000000000e+01
1.005156250000000000e+02
1.060234375000000000e+02
1.012890625000000000e+02
1.161914062500000000e+02
1.036093750000000000e+02
1.429492187500000000e+02
1.051562500000000000e+02
1.531171875000000000e+02
1.036093750000000000e+02
1.664960937500000000e+02
1.020625000000000000e+02
1.793398437500000000e+02
1.036093750000000000e+02
1.900429687500000000e+02
1.090234375000000000e+02
1.279648437500000000e+02
1.213984375000000000e+02
1.268945312500000000e+02
1.337734375000000000e+02
1.258242187500000000e+02
1.476953125000000000e+02
1.258242187500000000e+02
1.600703125000000000e+02
1.097695312500000000e+02
1.662578125000000000e+02
1.172617187500000000e+02
1.678046875000000000e+02
1.247539062500000000e+02
1.708984375000000000e+02
1.333164062500000000e+02
1.708984375000000000e+02
1.408085937500000000e+02
1.693515625000000000e+02
8.515234375000000000e+01
1.198515625000000000e+02
9.050390625000000000e+01
1.152109375000000000e+02
1.054882812500000000e+02
1.167578125000000000e+02
1.108398437500000000e+02
1.229453125000000000e+02
1.044179687500000000e+02
1.229453125000000000e+02
9.050390625000000000e+01
1.229453125000000000e+02
1.450898437500000000e+02
1.244921875000000000e+02
1.515117187500000000e+02
1.183046875000000000e+02
1.664960937500000000e+02
1.183046875000000000e+02
1.718476562500000000e+02
1.229453125000000000e+02
1.654257812500000000e+02
1.260390625000000000e+02
1.525820312500000000e+02
1.260390625000000000e+02
9.585546875000000000e+01
1.832734375000000000e+02
1.076289062500000000e+02
1.832734375000000000e+02
1.204726562500000000e+02
1.817265625000000000e+02
1.247539062500000000e+02
1.817265625000000000e+02
1.301054687500000000e+02
1.817265625000000000e+02
1.418789062500000000e+02
1.848203125000000000e+02
1.525820312500000000e+02
1.863671875000000000e+02
1.440195312500000000e+02
1.925546875000000000e+02
1.343867187500000000e+02
1.971953125000000000e+02
1.247539062500000000e+02
1.987421875000000000e+02
1.140507812500000000e+02
1.956484375000000000e+02
1.044179687500000000e+02
1.910078125000000000e+02
9.799609375000000000e+01
1.848203125000000000e+02
1.108398437500000000e+02
1.879140625000000000e+02
1.247539062500000000e+02
1.894609375000000000e+02
1.386679687500000000e+02
1.894609375000000000e+02
1.515117187500000000e+02
1.863671875000000000e+02
1.386679687500000000e+02
1.879140625000000000e+02
1.247539062500000000e+02
1.894609375000000000e+02
1.108398437500000000e+02
1.879140625000000000e+02
