6.202734375000000000e+01
1.245039062500000000e+02
6.314453125000000000e+01
1.447148437500000000e+02
6.426171875000000000e+01
1.649257812500000000e+02
6.873046875000000000e+01
1.866914062500000000e+02
7.655078125000000000e+01
2.037929687500000000e+02
8.660546875000000000e+01
2.193398437500000000e+02
9.889453125000000000e+01
2.255585937500000000e+02
1.156523437500000000e+02
2.271132812500000000e+02
1.290585937500000000e+02
2.271132812500000000e+02
1.458164062500000000e+02
2.271132812500000000e+02
1.625742187500000000e+02
2.255585937500000000e+02
1.759804687500000000e+02
2.208945312500000000e+02
1.882695312500000000e+02
2.069023437500000000e+02
1.960898437500000000e+02
1.898007812500000000e+02
1.960898437500000000e+02
1.664804687500000000e+02
1.960898437500000000e+02
1.462695312500000000e+02
1.960898437500000000e+02
1.213945312500000000e+02
7.431640625000000000e+01
1.105117187500000000e+02
8.325390625000000000e+01
1.042929687500000000e+02
9.330859375000000000e+01
9.885156250000000000e+01
1.039218750000000000e+02
9.885156250000000000e+01
1.134179687500000000e+02
1.011835937500000000e+02
1.407890625000000000e+02
9.729687500000000000e+01
1.508437500000000000e+02
9.496484375000000000e+01
1.614570312500000000e+02
9.341015625000000000e+01
1.726289062500000000e+02
9.729687500000000000e+01
1.815664062500000000e+02
1.074023437500000000e+02
1.268242187500000000e+02
1.182851562500000000e+02
1.268242187500000000e+02
1.291679687500000000e+02
1.268242187500000000e+02
1.416054687500000000e+02
1.268242187500000000e+02
1.524882812500000000e+02
1.134179687500000000e+02
1.649257812500000000e+02
1.201210937500000000e+02
1.664804687500000000e+02
1.268242187500000000e+02
1.664804687500000000e+02
1.346445312500000000e+02
1.664804687500000000e+02
1.424648437500000000e+02
1.649257812500000000e+02
8.548828125000000000e+01
1.213945312500000000e+02
9.107421875000000000e+01
1.167304687500000000e+02
1.044804687500000000e+02
1.167304687500000000e+02
1.089492187500000000e+02
1.229492187500000000e+02
1.033632812500000000e+02
1.245039062500000000e+02
9.107421875000000000e+01
1.245039062500000000e+02
1.458164062500000000e+02
1.213945312500000000e+02
1.514023437500000000e+02
1.167304687500000000e+02
1.659257812500000000e+02
1.151757812500000000e+02
1.715117187500000000e+02
1.198398437500000000e+02
1.659257812500000000e+02
1.229492187500000000e+02
1.525195312500000000e+02
1.229492187500000000e+02
1.033632812500000000e+02
1.929101562500000000e+02
1.123007812500000000e+02
1.851367187500000000e+02
1.234726562500000000e+02
1.835820312500000000e+02
1.279414062500000000e+02
1.835820312500000000e+02
1.324101562500000000e+02
1.835820312500000000e+02
1.435820312500000000e+02
1.851367187500000000e+02
1.547539062500000000e+02
1.898007812500000000e+02
1.469335937500000000e+02
1.975742187500000000e+02
1.379960937500000000e+02
2.006835937500000000e+02
1.279414062500000000e+02
2.022382812500000000e+02
1.190039062500000000e+02
2.022382812500000000e+02
1.111835937500000000e+02
1.975742187500000000e+02
1.055976562500000000e+02
1.913554687500000000e+02
1.156523437500000000e+02
1.898007812500000000e+02
1.279414062500000000e+02
1.898007812500000000e+02
1.402304687500000000e+02
1.913554687500000000e+02
1.536367187500000000e+02
1.898007812500000000e+02
1.413476562500000000e+02
1.913554687500000000e+02
1.279414062500000000e+02
1.913554687500000000e+02
1.167695312500000000e+02
1.913554687500000000e+02
